0.1660000 0.0000000 0.0000000 0.1660000 -2.5080000 -0.1620000 0.0555556
0.1660000 0.0000000 0.0000000 0.1660000 2.5080000 -0.1620000 0.0555556
0.1660000 0.0000000 0.0000000 0.1660000 -2.5080000 8.4900000 0.0555556
0.1660000 0.0000000 0.0000000 0.1660000 2.5080000 8.4900000 0.0555556
0.1660000 0.0000000 0.0000000 0.1660000 5.0280000 4.1700000 0.0555556
0.1660000 0.0000000 0.0000000 0.1660000 -4.9920000 4.1700000 0.0555556
0.1660000 0.0000000 0.0000000 0.1660000 -3.4920000 5.0220000 0.0555556
0.1660000 0.0000000 0.0000000 0.1660000 -2.5080000 6.7500000 0.0555556
0.1660000 0.0000000 0.0000000 0.1660000 2.5200000 6.7500000 0.0555556
0.1660000 0.0000000 0.0000000 0.1660000 3.5280000 5.0220000 0.0555556
0.1660000 0.0000000 0.0000000 0.1660000 1.0320000 7.6020000 0.0555556
0.1660000 0.0000000 0.0000000 0.1660000 -0.9840000 7.6020000 0.0555556
0.1660000 0.0000000 0.0000000 0.1660000 -0.9840000 0.6780000 0.0555556
0.1660000 0.0000000 0.0000000 0.1660000 1.0320000 0.7140000 0.0555556
0.1660000 0.0000000 0.0000000 0.1660000 3.5280000 3.3060000 0.0555556
0.1660000 0.0000000 0.0000000 0.1660000 2.5200000 1.5780000 0.0555556
0.1660000 0.0000000 0.0000000 0.1660000 -2.4840000 1.5780000 0.0555556
0.1660000 0.0000000 0.0000000 0.1660000 -3.4920000 3.2700000 0.0555556
