0.3330000 0.0000000 0.0000000 0.3330000 -0.0060000 7.3250000 0.0833333
-0.1665000 0.2883865 -0.2883865 -0.1665000 2.0133865 3.8231812 0.0833333
-0.1665000 -0.2883865 0.2883865 -0.1665000 -2.0313865 3.8158188 0.0833333
0.1665000 0.2883865 -0.2883865 0.1665000 2.0313865 6.1361812 0.0833333
-0.3330000 0.0000000 0.0000000 -0.3330000 0.0060000 2.6510000 0.0833333
0.1665000 -0.2883865 0.2883865 0.1665000 -2.0253865 6.1528188 0.0833333
0.3330000 0.0000000 0.0000000 0.3330000 -0.0060000 1.3250000 0.0833333
0.1665000 0.2883865 -0.2883865 0.1665000 -3.1766135 3.1481812 0.0833333
-0.1665000 0.2883865 -0.2883865 -0.1665000 -3.1826135 6.8231812 0.0833333
-0.3330000 0.0000000 0.0000000 -0.3330000 -0.0060000 8.6510000 0.0833333
0.1665000 -0.2883865 0.2883865 0.1665000 3.1586135 3.1648188 0.0833333
-0.1665000 -0.2883865 0.2883865 -0.1665000 3.1766135 6.8038188 0.0833333
